DistanceGroup,Origin,Out,In,Total
1,ABE,11180,12217,23397
1,ABI,19578,19656,39234
1,ABY,7773,7725,15498
1,ACK,337,354,691
1,ACT,20462,20526,40988
1,ACV,3060,3083,6143
1,AEX,7318,7320,14638
1,AGS,29472,29285,58757
1,AKN,1710,126,1836
1,ALB,14601,14611,29212
1,ALO,970,980,1950
1,ANC,5356,5250,10606
1,ANI,189,111,300
1,APF,342,339,681
1,ASE,9819,9837,19656
1,ATL,326930,318046,644976
1,ATW,7798,7806,15604
1,AUS,279907,282497,562404
1,AVL,29104,29239,58343
1,AVP,3916,3404,7320
1,AZO,30034,30108,60142
1,BDL,39979,41653,81632
1,BFL,11422,11419,22841
1,BGM,252,252,504
1,BGR,2728,2744,5472
1,BHM,61363,62568,123931
1,BIL,3131,3142,6273
1,BIS,1,1,2
1,BJI,187,188,375
1,BMI,11737,11777,23514
1,BNA,20908,20327,41235
1,BOS,211919,211662,423581
1,BPT,5141,5134,10275
1,BTM,175,181,356
1,BTR,8483,5316,13799
1,BTV,6222,5114,11336
1,BUF,26056,25489,51545
1,BUR,1,3,4
1,BWI,63061,61705,124766
1,BZN,2317,2306,4623
1,CAE,58517,58799,117316
1,CAK,10547,10542,21089
1,CDC,131,127,258
1,CDV,5250,5356,10606
1,CEC,3077,3056,6133
1,CHA,17192,17208,34400
1,CHO,2248,2262,4510
1,CHS,35135,35266,70401
1,CIC,7100,7107,14207
1,CID,37164,37603,74767
1,CLD,12935,12935,25870
1,CLE,60785,59306,120091
1,CLL,19533,19583,39116
1,CLT,258779,258756,517535
1,CMH,75518,74945,150463
1,CMI,16472,16515,32987
1,COD,1,3,4
1,COS,41178,42349,83527
1,CPR,88,88,176
1,CRP,34759,34732,69491
1,CRW,16511,16521,33032
1,CSG,11740,11761,23501
1,CVG,119686,122584,242270
1,CWA,436,440,876
1,DAB,151,165,316
1,DAL,108117,107840,215957
1,DAY,22930,24248,47178
1,DBQ,9671,9691,19362
1,DCA,57975,58683,116658
1,DEN,78747,77558,156305
1,DFW,322574,322797,645371
1,DHN,10196,10217,20413
1,DLG,126,1710,1836
1,DLH,18370,18386,36756
1,DSM,1019,529,1548
1,DTW,209845,208940,418785
1,EAU,66,65,131
1,EFD,2571,2565,5136
1,EGE,5782,5779,11561
1,ELM,2529,3959,6488
1,ERI,13458,13445,26903
1,EUG,9236,9247,18483
1,EVV,6115,6124,12239
1,EWR,98303,98557,196860
1,EYW,4275,4307,8582
1,FAR,1,1,2
1,FAT,20943,20226,41169
1,FAY,13223,13177,26400
1,FCA,6603,5004,11607
1,FLG,5206,5230,10436
1,FLL,97863,98935,196798
1,FLO,2,3,5
1,FNT,15610,15599,31209
1,FSD,28081,28089,56170
1,FWA,36764,36814,73578
1,GEG,2481,3017,5498
1,GGG,9498,9525,19023
1,GJT,3,4,7
1,GLH,2,2,4
1,GPT,4,2,6
1,GRB,21332,21418,42750
1,GRK,19522,19548,39070
1,GRR,85050,84784,169834
1,GSO,31742,30219,61961
1,GSP,55973,55958,111931
1,GST,1343,1345,2688
1,GTF,10402,10323,20725
1,GUC,3293,3295,6588
1,HDN,5942,5930,11872
1,HLN,2232,4439,6671
1,HNL,169773,172594,342367
1,HOU,145278,149278,294556
1,HPN,4323,3651,7974
1,HSV,42947,44713,87660
1,HTS,4496,4468,8964
1,IAD,48644,48058,96702
1,IAH,163832,161533,325365
1,ICT,66,62,128
1,IDA,20670,20691,41361
1,ILE,13314,13356,26670
1,ILM,27506,27509,55015
1,IND,93359,93361,186720
1,IPL,5571,5598,11169
1,ISP,8892,8930,17822
1,ITH,3959,2529,6488
1,ITO,3082,1671,4753
1,IYK,5889,5909,11798
1,JAC,1852,208,2060
1,JAN,8990,10348,19338
1,JAX,15023,14869,29892
1,JFK,76085,76074,152159
1,JNU,22667,22174,44841
1,KOA,48559,51369,99928
1,KTN,10772,10539,21311
1,LAN,34158,34248,68406
1,LAS,60438,64833,125271
1,LAW,16954,16980,33934
1,LAX,295443,296037,591480
1,LCH,7785,7789,15574
1,LEX,22674,25593,48267
1,LGA,158509,157900,316409
1,LGB,30,3,33
1,LIH,55094,54516,109610
1,LIT,21400,21422,42822
1,LNK,46,614,660
1,LNY,267,282,549
1,LSE,10686,10681,21367
1,LWB,110,110,220
1,LYH,2,1,3
1,MAZ,140,84,224
1,MBS,28529,28612,57141
1,MCI,1425,1600,3025
1,MCN,6863,7003,13866
1,MCO,101379,98603,199982
1,MDT,28093,27524,55617
1,MDW,24486,24471,48957
1,MEI,2,2,4
1,MEM,30081,30408,60489
1,MFR,761,12,773
1,MGM,24043,27508,51551
1,MHT,3186,5720,8906
1,MIA,48304,47988,96292
1,MKE,32778,32661,65439
1,MKG,390,390,780
1,MKK,267,266,533
1,MLB,986,952,1938
1,MLI,27842,27658,55500
1,MLU,6095,8359,14454
1,MOB,7603,8847,16450
1,MOD,8612,8638,17250
1,MQT,2426,2459,4885
1,MRY,20916,20903,41819
1,MSN,33814,33699,67513
1,MSO,6234,5697,11931
1,MSP,74214,74110,148324
1,MSY,2396,2394,4790
1,MTJ,11546,11564,23110
1,MYR,32585,32594,65179
1,OAJ,1377,1368,2745
1,OAK,31356,33762,65118
1,OGG,82082,78426,160508
1,OKC,80710,82023,162733
1,OMA,2660,2406,5066
1,OME,3591,7599,11190
1,ONT,70309,67928,138237
1,ORD,343382,343330,686712
1,ORF,29356,33260,62616
1,ORH,502,505,1007
1,OTH,152,149,301
1,OTZ,7599,3591,11190
1,OXR,9264,9278,18542
1,PBI,22222,23039,45261
1,PDX,53317,54581,107898
1,PFN,4,3,7
1,PHF,3,2,5
1,PHL,92914,93285,186199
1,PHX,64927,67061,131988
1,PIA,21279,20971,42250
1,PIE,3,1,4
1,PIH,10813,10778,21591
1,PIT,102954,100494,203448
1,PMD,1,2,3
1,PNS,4952,4329,9281
1,PSC,5014,4498,9512
1,PSG,10020,10036,20056
1,PSP,36973,36993,73966
1,PVD,24763,23795,48558
1,PWM,16434,15877,32311
1,RAP,87,89,176
1,RDD,11488,11500,22988
1,RDM,10143,10146,20289
1,RDU,44829,44272,89101
1,RHI,409,410,819
1,RIC,29990,27438,57428
1,RKS,342,341,683
1,RNO,92834,91615,184449
1,ROA,14595,15373,29968
1,ROC,9173,10529,19702
1,RST,15898,15977,31875
1,RSW,13767,14227,27994
1,SAN,125261,122619,247880
1,SAT,124719,120499,245218
1,SAV,1025,2964,3989
1,SBA,41217,41141,82358
1,SBN,16501,16544,33045
1,SBP,36455,36470,72925
1,SCE,2017,2024,4041
1,SDF,30771,29326,60097
1,SEA,37073,36531,73604
1,SFO,116950,116859,233809
1,SGF,16126,15743,31869
1,SGU,127,134,261
1,SHV,55300,52831,108131
1,SIT,17118,18000,35118
1,SJC,31094,30041,61135
1,SJU,7759,9881,17640
1,SLC,42306,43920,86226
1,SMF,16565,17195,33760
1,SMX,11348,11376,22724
1,SNA,11515,11474,22989
1,SPI,4273,4283,8556
1,SPS,16928,16959,33887
1,SRQ,5861,5405,11266
1,STL,30916,30898,61814
1,STT,12204,8058,20262
1,STX,3710,5790,9500
1,SWF,124,119,243
1,SYR,21012,19906,40918
1,TLH,1,2,3
1,TOL,10256,10321,20577
1,TPA,88689,89889,178578
1,TRI,11380,11343,22723
1,TUL,6619,6318,12937
1,TUS,56515,54327,110842
1,TVC,971,949,1920
1,TWF,12106,12146,24252
1,TXK,9889,9929,19818
1,TYR,20163,20206,40369
1,TYS,47599,48343,95942
1,VCT,2357,2367,4724
1,VIS,1844,1848,3692
1,VLD,2,4,6
1,VPS,3,2,5
1,WRG,10132,10086,20218
1,XNA,5,2,7
1,YAK,5216,5088,10304
1,YUM,6779,6862,13641
2,ABE,17751,17753,35504
2,ABI,1596,1602,3198
2,ABQ,194947,195796,390743
2,ACK,1280,1265,2545
2,ACV,19049,19078,38127
2,ACY,734,721,1455
2,ADQ,9233,9239,18472
2,AEX,4322,4370,8692
2,AGS,1,2,3
2,AKN,2953,4611,7564
2,ALB,71848,72016,143864
2,AMA,79593,79523,159116
2,ANC,85259,82911,168170
2,ANI,110,203,313
2,ASE,1389,1375,2764
2,ATL,954043,948587,1902630
2,ATW,2639,2647,5286
2,AUS,26860,26822,53682
2,AVL,2940,2910,5850
2,AVP,12884,12882,25766
2,AZO,6955,6987,13942
2,BDL,68995,68177,137172
2,BET,14989,15247,30236
2,BFL,6856,6872,13728
2,BGM,11049,11080,22129
2,BGR,28102,28222,56324
2,BHM,96234,97062,193296
2,BIL,23034,23035,46069
2,BIS,20698,20688,41386
2,BNA,168865,169903,338768
2,BOI,104580,104592,209172
2,BOS,386295,385183,771478
2,BPT,2770,2795,5565
2,BQK,6694,6829,13523
2,BRO,14273,14264,28537
2,BRW,771,1784,2555
2,BTM,6201,6192,12393
2,BTR,59565,62795,122360
2,BTV,28298,30614,58912
2,BUF,158128,158404,316532
2,BUR,354092,352791,706883
2,BWI,444796,444184,888980
2,BZN,22123,22094,44217
2,CAE,904,901,1805
2,CAK,18608,18668,37276
2,CDC,3637,3623,7260
2,CDV,5328,5213,10541
2,CEC,2954,3000,5954
2,CHA,15056,15115,30171
2,CHO,3911,3923,7834
2,CHS,54568,54377,108945
2,CID,26565,26543,53108
2,CKB,7,6,13
2,CLD,983,991,1974
2,CLE,354088,360989,715077
2,CLT,487552,488186,975738
2,CMH,168461,167792,336253
2,CMI,2115,2133,4248
2,CMX,567,574,1141
2,COD,6587,6595,13182
2,COS,1089,1086,2175
2,CPR,17979,18021,36000
2,CRP,42913,42881,85794
2,CRW,15072,15191,30263
2,CVG,446374,444219,890593
2,CWA,4988,5011,9999
2,DAB,33239,33364,66603
2,DAL,466463,467823,934286
2,DAY,77822,78812,156634
2,DCA,492052,491748,983800
2,DEN,172776,168867,341643
2,DFW,599232,602489,1201721
2,DLG,3968,2389,6357
2,DLH,2408,2405,4813
2,DRO,13815,13857,27672
2,DSM,74805,79426,154231
2,DTW,527169,532837,1060006
2,EKO,12425,12462,24887
2,ELM,10140,8680,18820
2,ELP,103316,103781,207097
2,ERI,2533,2546,5079
2,EVV,25789,25978,51767
2,EWR,249238,248314,497552
2,EYW,265,264,529
2,FAI,53112,54288,107400
2,FAR,32194,32157,64351
2,FAT,50164,50223,100387
2,FAY,10638,10797,21435
2,FCA,600,595,1195
2,FLL,29100,28888,57988
2,FLO,4875,4841,9716
2,FNT,8068,8100,16168
2,FSD,98,96,194
2,FSM,17654,17713,35367
2,FWA,2167,2172,4339
2,GCC,735,740,1475
2,GEG,106211,106348,212559
2,GFK,15768,15771,31539
2,GJT,22184,22222,44406
2,GNV,18365,18830,37195
2,GPT,36306,36583,72889
2,GRB,39607,39547,79154
2,GRR,35793,35908,71701
2,GSO,112107,111956,224063
2,GSP,16697,16904,33601
2,GTR,6698,6836,13534
2,GUC,12,13,25
2,HDN,1386,1384,2770
2,HHH,1735,1737,3472
2,HKY,620,663,1283
2,HNL,33452,32013,65465
2,HOU,344373,334305,678678
2,HPN,10011,10466,20477
2,HRL,69156,69287,138443
2,HSV,17740,15582,33322
2,HTS,1782,1788,3570
2,IAD,256622,256178,512800
2,IAH,411782,411976,823758
2,ICT,44681,44709,89390
2,ILM,11091,11183,22274
2,IND,121972,120439,242411
2,INL,267,268,535
2,ISP,31901,31965,63866
2,ITH,5511,6947,12458
2,ITO,32013,33452,65465
2,JAC,15163,16779,31942
2,JAN,63740,63144,126884
2,JAX,131516,133364,264880
2,JFK,121817,121885,243702
2,JNU,6561,6331,12892
2,KOA,55,53,108
2,KTN,6331,6561,12892
2,LAN,7486,7516,15002
2,LAS,846947,852551,1699498
2,LAX,1047317,1048437,2095754
2,LBB,99862,99804,199666
2,LEX,51092,48249,99341
2,LFT,25615,25637,51252
2,LGA,266510,265653,532163
2,LGB,40230,40204,80434
2,LIH,2229,2818,5047
2,LIT,138152,138769,276921
2,LMT,488,494,982
2,LNK,10741,10708,21449
2,LRD,17599,17654,35253
2,LSE,9384,9415,18799
2,LWB,1099,1131,2230
2,LYH,5500,5569,11069
2,MAF,76837,76472,153309
2,MBS,17439,17406,34845
2,MCI,171905,168966,340871
2,MCN,2,6,8
2,MCO,3299,3998,7297
2,MDT,18851,16969,35820
2,MDW,372156,372171,744327
2,MEI,5981,6063,12044
2,MEM,231258,234876,466134
2,MFE,33589,33659,67248
2,MFR,34462,35249,69711
2,MGM,5573,2231,7804
2,MHT,80795,82141,162936
2,MIA,23772,23218,46990
2,MKE,124001,123972,247973
2,MLI,5654,5675,11329
2,MLU,16877,15291,32168
2,MOB,41270,40483,81753
2,MOD,2778,2776,5554
2,MQT,3020,3039,6059
2,MRY,28960,29049,58009
2,MSN,55941,55917,111858
2,MSP,466060,468335,934395
2,MSY,199474,199502,398976
2,MTJ,506,502,1008
2,MYR,17919,17939,35858
2,OAJ,2299,2311,4610
2,OAK,382230,378978,761208
2,OGG,2763,2176,4939
2,OKC,55422,55522,110944
2,OMA,58415,58449,116864
2,ONT,289910,294281,584191
2,ORD,802104,793106,1595210
2,ORF,89862,90460,180322
2,PBI,209,210,419
2,PDX,47389,46638,94027
2,PFN,18427,18594,37021
2,PHF,7832,7841,15673
2,PHL,416119,412860,828979
2,PHX,889191,889908,1779099
2,PIA,918,929,1847
2,PIR,5,5,10
2,PIT,548082,547074,1095156
2,PLN,742,749,1491
2,PMD,1086,1083,2169
2,PNS,54909,55703,110612
2,PSC,85,85,170
2,PSP,7100,7146,14246
2,PVD,116806,117355,234161
2,PWM,33346,35805,69151
2,RAP,11877,11922,23799
2,RDR,46,46,92
2,RDU,201838,202037,403875
2,RIC,82736,82929,165665
2,RKS,581,587,1168
2,RNO,105812,108562,214374
2,ROA,24133,23930,48063
2,ROC,120722,120075,240797
2,RST,23083,23069,46152
2,SAN,218413,215440,433853
2,SAT,176270,173086,349356
2,SAV,78734,76893,155627
2,SBA,37197,37711,74908
2,SBN,23471,23525,46996
2,SBP,562,552,1114
2,SCC,2393,2116,4509
2,SCE,4020,4042,8062
2,SDF,188308,190238,378546
2,SEA,85888,85851,171739
2,SFO,392527,392326,784853
2,SGF,26327,26488,52815
2,SGU,18951,19002,37953
2,SHV,4613,3961,8574
2,SJC,327975,325521,653496
2,SJT,16116,16161,32277
2,SLC,339301,340413,679714
2,SMF,230130,229819,459949
2,SNA,280741,278512,559253
2,SOP,307,309,616
2,SRQ,1,1,2
2,STL,550876,554060,1104936
2,SUN,17426,17494,34920
2,SUX,5175,5180,10355
2,SWF,6793,6790,13583
2,SYR,83132,84472,167604
2,TEX,575,577,1152
2,TLH,42382,41878,84260
2,TOL,19960,19988,39948
2,TPA,23619,24168,47787
2,TRI,17384,17493,34877
2,TTN,650,646,1296
2,TUL,141473,141757,283230
2,TUP,1869,1891,3760
2,TUS,44860,47524,92384
2,TVC,29614,29677,59291
2,TXK,1409,1415,2824
2,TYS,22393,21041,43434
2,VLD,7060,7126,14186
2,VPS,35181,35227,70408
2,WYS,1590,1598,3188
2,XNA,29881,30049,59930
2,YAK,5216,5331,10547
2,YUM,7061,7047,14108
3,ABE,23936,25411,49347
3,ABQ,140622,143848,284470
3,ACY,2512,2517,5029
3,AEX,5093,5101,10194
3,AGS,9,8,17
3,ALB,27173,27166,54339
3,AMA,7140,7155,14295
3,ANC,34126,34117,68243
3,APF,2429,2335,4764
3,ASE,476,473,949
3,ATL,1442378,1433454,2875832
3,ATW,6529,6465,12994
3,AUS,34433,34547,68980
3,AVL,4783,4818,9601
3,AVP,4418,4912,9330
3,AZO,4965,4904,9869
3,BDL,65538,66013,131551
3,BFL,5425,5459,10884
3,BGM,2310,2324,4634
3,BGR,457,458,915
3,BHM,94658,93652,188310
3,BIL,15350,15330,30680
3,BIS,6035,6061,12096
3,BMI,8940,9035,17975
3,BNA,249805,249483,499288
3,BOI,37005,37350,74355
3,BOS,143456,141338,284794
3,BRW,8784,9708,18492
3,BTR,22961,23163,46124
3,BTV,17766,15588,33354
3,BUF,81344,81900,163244
3,BUR,5477,5488,10965
3,BWI,206471,207093,413564
3,BZN,8118,8110,16228
3,CAE,22898,23791,46689
3,CAK,23033,23208,46241
3,CHA,6172,6231,12403
3,CHO,5438,5509,10947
3,CHS,22157,22122,44279
3,CID,7925,7961,15886
3,CLE,315279,307898,623177
3,CLT,573009,572261,1145270
3,CMH,142774,146388,289162
3,CMI,218,218,436
3,COS,70454,70442,140896
3,CRW,3530,3550,7080
3,CVG,381064,370854,751918
3,DAB,4862,4832,9694
3,DAL,114260,112241,226501
3,DAY,68183,66101,134284
3,DCA,200096,202012,402108
3,DEN,233455,241626,475081
3,DFW,484127,483199,967326
3,DLH,1277,1301,2578
3,DSM,36718,32293,69011
3,DTW,758371,759469,1517840
3,ELP,147113,149087,296200
3,EUG,27442,27502,54944
3,EVV,1650,1649,3299
3,EWN,1369,1372,2741
3,EWR,297825,299500,597325
3,EYW,2,1,3
3,FAI,9709,8785,18494
3,FAR,6201,6162,12363
3,FAT,15270,15927,31197
3,FCA,16389,17912,34301
3,FLL,72717,71571,144288
3,FNT,2324,2358,4682
3,FSD,30854,30876,61730
3,FSM,995,1002,1997
3,FWA,7646,7756,15402
3,GCC,291,292,583
3,GEG,25868,25262,51130
3,GJT,3024,3058,6082
3,GPT,5234,5260,10494
3,GRB,4714,4735,9449
3,GRR,25234,25471,50705
3,GSO,80292,82185,162477
3,GSP,48807,48838,97645
3,GTF,16471,16564,33035
3,GTR,533,547,1080
3,HLN,16426,14273,30699
3,HOU,67777,67471,135248
3,HPN,19403,19399,38802
3,HRL,4748,4688,9436
3,HSV,17886,17996,35882
3,IAD,258590,256986,515576
3,IAH,154462,154163,308625
3,ICT,57962,58123,116085
3,IDA,2315,2325,4640
3,ILM,1005,999,2004
3,IND,140727,142362,283089
3,ISO,1372,1422,2794
3,ISP,4478,4445,8923
3,JAC,9023,8879,17902
3,JAN,42227,41620,83847
3,JAX,34803,34950,69753
3,JFK,76223,77747,153970
3,JNU,16479,16682,33161
3,LAN,4987,4960,9947
3,LAS,198619,197995,396614
3,LAX,117047,120940,237987
3,LBB,10003,10030,20033
3,LEX,3310,3400,6710
3,LFT,5293,5360,10653
3,LGA,270084,276476,546560
3,LGB,7791,7779,15570
3,LIT,48105,48270,96375
3,LNK,25946,25536,51482
3,LWB,354,356,710
3,LWS,2731,2747,5478
3,MAF,24732,25187,49919
3,MBS,5150,5076,10226
3,MCI,296820,297044,593864
3,MCN,2,3,5
3,MCO,195665,198558,394223
3,MDT,52876,55478,108354
3,MDW,177216,177075,354291
3,MEM,246180,243675,489855
3,MFE,18579,18564,37143
3,MFR,3816,3788,7604
3,MGM,2803,2800,5603
3,MHT,32695,31576,64271
3,MIA,91314,94616,185930
3,MIB,88,88,176
3,MKC,1,1,2
3,MKE,32966,33004,65970
3,MLB,31739,31787,63526
3,MLI,1285,1300,2585
3,MLU,10867,10560,21427
3,MOB,18869,18827,37696
3,MOT,15994,15977,31971
3,MRY,2292,2308,4600
3,MSN,4376,4396,8772
3,MSO,19933,20450,40383
3,MSP,271331,267030,538361
3,MSY,207440,206162,413602
3,MYR,8276,8334,16610
3,OAK,223438,224469,447907
3,OKC,92606,92083,184689
3,OMA,134714,134913,269627
3,OME,10870,6844,17714
3,ONT,22856,22376,45232
3,ORD,725725,719113,1444838
3,ORF,91701,89125,180826
3,OTH,344,347,691
3,OTZ,6471,10601,17072
3,PBI,79755,77562,157317
3,PDX,219373,219065,438438
3,PFN,2125,2131,4256
3,PHF,25462,25507,50969
3,PHL,177330,181952,359282
3,PHX,124118,124614,248732
3,PIA,5765,5886,11651
3,PIT,287657,295106,582763
3,PNS,31196,31185,62381
3,PSC,19281,19851,39132
3,PSP,20483,20613,41096
3,PVD,26460,25920,52380
3,PWM,18018,15719,33737
3,RAP,23577,23594,47171
3,RDM,8652,8690,17342
3,RDU,189687,190747,380434
3,RIC,80647,81708,162355
3,RNO,84654,84579,169233
3,ROA,4582,4357,8939
3,ROC,65718,65321,131039
3,ROW,1180,1182,2362
3,RST,512,449,961
3,RSW,49289,49825,99114
3,SAN,297286,295750,593036
3,SAT,24526,24422,48948
3,SAV,14385,14432,28817
3,SBA,5051,5090,10141
3,SBN,5991,6073,12064
3,SBP,3117,3142,6259
3,SDF,33720,33774,67494
3,SEA,31147,31025,62172
3,SFO,358061,357715,715776
3,SGF,20499,20242,40741
3,SHV,23220,26800,50020
3,SJC,138979,139467,278446
3,SLC,567507,565022,1132529
3,SMF,149209,149154,298363
3,SNA,58898,59363,118261
3,SRQ,49753,49075,98828
3,STL,447136,449080,896216
3,SWF,7317,7318,14635
3,SYR,11539,11644,23183
3,TLH,5506,6078,11584
3,TOL,8217,8275,16492
3,TPA,171137,170716,341853
3,TRI,66,67,133
3,TUL,99449,99623,199072
3,TUS,48944,48865,97809
3,TYS,43167,43894,87061
3,VPS,4460,4482,8942
3,XNA,40052,40525,80577
3,YKM,744,744,1488
3,YUM,465,469,934
4,ABE,27740,25271,53011
4,ABQ,106899,103218,210117
4,ACV,378,380,758
4,ACY,940,952,1892
4,AGS,1064,1075,2139
4,ALB,59351,59239,118590
4,AMA,4575,4550,9125
4,ANC,10085,11583,21668
4,ASE,611,606,1217
4,ATL,1042377,1038019,2080396
4,ATW,4316,4481,8797
4,AUS,44635,44770,89405
4,AVP,10103,10235,20338
4,BDL,110401,110693,221094
4,BGM,575,601,1176
4,BGR,1955,1965,3920
4,BHM,24274,24147,48421
4,BIL,15355,15349,30704
4,BLI,1094,1096,2190
4,BMI,58,58,116
4,BNA,235197,236888,472085
4,BOI,33242,32813,66055
4,BOS,165684,162872,328556
4,BPT,279,278,557
4,BRW,1968,139,2107
4,BTR,1319,1324,2643
4,BTV,16816,17968,34784
4,BUF,35856,36113,71969
4,BWI,229482,228462,457944
4,CAE,15992,15361,31353
4,CHA,3241,3270,6511
4,CHS,25779,26221,52000
4,CID,20864,20597,41461
4,CLE,51688,53690,105378
4,CLT,234410,231677,466087
4,CMH,36032,34146,70178
4,CMI,1337,1347,2684
4,COS,21791,21832,43623
4,CPR,441,454,895
4,CVG,191706,194812,386518
4,DAB,1839,1843,3682
4,DAL,3239,3241,6480
4,DAY,196,198,394
4,DCA,207532,207276,414808
4,DEN,535628,541023,1076651
4,DFW,501290,497826,999116
4,DRO,1141,1147,2288
4,DSM,25223,25801,51024
4,DTW,165235,163198,328433
4,DUT,4823,4838,9661
4,EGE,7553,7574,15127
4,ELP,79213,77162,156375
4,ERI,691,696,1387
4,EUG,5067,5060,10127
4,EVV,1256,1266,2522
4,EWR,354101,350669,704770
4,EYW,4979,5468,10447
4,FAI,338,332,670
4,FAR,6682,6796,13478
4,FCA,1081,1088,2169
4,FLL,49480,50075,99555
4,FNT,15756,15974,31730
4,FSD,3293,3306,6599
4,GEG,15516,15544,31060
4,GJT,595,596,1191
4,GPT,1805,1804,3609
4,GRB,773,740,1513
4,GRR,13777,13851,27628
4,GSO,9528,9530,19058
4,GSP,5472,5438,10910
4,GTF,2748,2764,5512
4,GUC,1513,1515,3028
4,HDN,3386,3346,6732
4,HOU,148666,152390,301056
4,HPN,52962,53263,106225
4,HSV,27671,28283,55954
4,HVN,3853,3120,6973
4,IAD,74249,73589,147838
4,IAH,271130,272179,543309
4,ICT,18525,18763,37288
4,ILG,725,766,1491
4,IND,70352,70297,140649
4,ISP,23367,23355,46722
4,JAC,60,62,122
4,JAN,10107,10109,20216
4,JAX,85070,85057,170127
4,JFK,53487,51759,105246
4,JNU,332,338,670
4,KTN,19078,19200,38278
4,LAN,1070,1086,2156
4,LAS,130201,130676,260877
4,LAX,63917,63901,127818
4,LBB,4545,4576,9121
4,LEX,7226,7290,14516
4,LGA,339764,336299,676063
4,LIT,4186,3733,7919
4,LNK,655,657,1312
4,MAF,4582,4584,9166
4,MCI,141117,146137,287254
4,MCN,1,4,5
4,MCO,208471,209363,417834
4,MDT,13948,14074,28022
4,MDW,153253,153644,306897
4,MEM,166194,166774,332968
4,MFR,998,999,1997
4,MGM,2085,2146,4231
4,MHT,27355,27417,54772
4,MIA,69678,69446,139124
4,MKE,55214,55423,110637
4,MLB,1056,1056,2112
4,MLI,14868,15213,30081
4,MOB,976,960,1936
4,MRY,1601,1602,3203
4,MSN,4344,4424,8768
4,MSO,6243,6278,12521
4,MSP,249218,245600,494818
4,MSY,82246,83942,166188
4,MTH,126,124,250
4,MTJ,1291,1308,2599
4,MYR,2279,2280,4559
4,OAK,139385,137928,277313
4,OKC,54014,53022,107036
4,OMA,23444,23763,47207
4,ONT,3793,3790,7583
4,ORD,1105071,1118728,2223799
4,ORF,41014,40873,81887
4,PBI,2913,2895,5808
4,PDX,75759,78652,154411
4,PFN,710,720,1430
4,PHF,3115,3113,6228
4,PHL,265671,259070,524741
4,PHX,380676,376205,756881
4,PIA,3098,3490,6588
4,PIT,44269,43774,88043
4,PLN,2,2,4
4,PNS,13987,14078,28065
4,PSP,9446,9423,18869
4,PVD,48844,49072,97916
4,PWM,5590,5619,11209
4,RAP,968,981,1949
4,RDU,126727,127251,253978
4,RIC,31502,32094,63596
4,RNO,38547,38765,77312
4,ROC,24127,24517,48644
4,RST,260,262,522
4,RSW,26643,26764,53407
4,SAN,57812,60140,117952
4,SAT,56335,55315,111650
4,SAV,19558,19756,39314
4,SBA,4777,4881,9658
4,SBN,4,5,9
4,SBP,668,667,1335
4,SCC,4792,5108,9900
4,SCE,315,317,632
4,SDF,69508,69605,139113
4,SEA,356244,359363,715607
4,SFO,194037,194253,388290
4,SGF,6150,7012,13162
4,SHV,2546,2612,5158
4,SJC,112373,115567,227940
4,SLC,147870,142964,290834
4,SLE,877,879,1756
4,SMF,102238,102796,205034
4,SNA,1,1,2
4,SPI,371,379,750
4,SRQ,1444,1462,2906
4,STL,296008,295196,591204
4,SWF,22855,22869,45724
4,SYR,59606,59706,119312
4,TLH,4437,4545,8982
4,TPA,95751,95253,191004
4,TTN,164,167,331
4,TUL,30085,30410,60495
4,TUS,39348,39228,78576
4,TVC,302,298,600
4,TWF,13,13,26
4,TYS,26208,26409,52617
4,VPS,9117,9259,18376
4,XNA,3781,3795,7576
5,ABE,1819,1822,3641
5,ABQ,49119,49124,98243
5,ACY,143,141,284
5,ADK,369,390,759
5,AGS,913,926,1839
5,AKN,390,369,759
5,ALB,18304,18527,36831
5,ASE,150,142,292
5,ATL,308464,306088,614552
5,AUS,127295,127643,254938
5,AVL,2875,2882,5757
5,BDL,51760,50984,102744
5,BFL,643,647,1290
5,BGR,4234,4301,8535
5,BHM,8448,8048,16496
5,BIL,30,30,60
5,BMI,1056,1055,2111
5,BNA,43038,42954,85992
5,BOS,204317,206106,410423
5,BQN,783,766,1549
5,BTR,2767,2800,5567
5,BTV,1929,1949,3878
5,BUR,42101,43856,85957
5,BWI,159457,158606,318063
5,BZN,12092,12073,24165
5,CAE,9349,9388,18737
5,CAK,4439,4449,8888
5,CHS,9044,9034,18078
5,CID,146,146,292
5,CLE,41196,41096,82292
5,CLT,128685,130012,258697
5,CMH,75264,75490,150754
5,COS,44955,43990,88945
5,CPR,131,132,263
5,CRP,3625,3653,7278
5,CRW,3250,3271,6521
5,CVG,143356,145193,288549
5,DAB,7153,7204,14357
5,DAY,21746,21791,43537
5,DCA,155294,154096,309390
5,DEN,729011,722685,1451696
5,DFW,792224,788342,1580566
5,DRO,89,89,178
5,DSM,5278,5274,10552
5,DTW,157770,157914,315684
5,EGE,1636,1620,3256
5,EUG,9267,9317,18584
5,EWR,186989,185890,372879
5,FAR,901,903,1804
5,FAT,7174,7149,14323
5,FCA,12,12,24
5,FLL,156265,153335,309600
5,FSD,1217,1233,2450
5,FWA,5869,5927,11796
5,GEG,23115,23121,46236
5,GPT,222,226,448
5,GRB,261,262,523
5,GRK,1619,1588,3207
5,GRR,7129,7207,14336
5,GSO,26558,27139,53697
5,GSP,14648,14779,29427
5,GTF,9747,9782,19529
5,GUC,440,444,884
5,HDN,2518,2511,5029
5,HLN,643,722,1365
5,HOU,32528,32310,64838
5,HPN,3312,3295,6607
5,HSV,1126,1088,2214
5,IAD,76301,76770,153071
5,IAH,484622,481503,966125
5,ICT,9696,9706,19402
5,IDA,654,681,1335
5,IND,86372,87377,173749
5,ISP,22499,22479,44978
5,JAC,1164,1158,2322
5,JAN,9222,9324,18546
5,JAX,110602,109665,220267
5,JFK,72218,72097,144315
5,JNU,17429,18260,35689
5,LAS,65217,67084,132301
5,LAW,534,537,1071
5,LAX,272152,272357,544509
5,LEX,4006,4049,8055
5,LGA,114479,115991,230470
5,LGB,6986,6983,13969
5,LIT,2861,2873,5734
5,MCI,71683,70875,142558
5,MCO,570032,569752,1139784
5,MDT,877,892,1769
5,MDW,103351,102993,206344
5,MEM,76984,77161,154145
5,MFE,1223,1271,2494
5,MFR,3244,3302,6546
5,MHT,42667,40246,82913
5,MIA,171129,171560,342689
5,MKE,26525,26805,53330
5,MLB,2160,2182,4342
5,MRY,1273,1271,2544
5,MSN,7552,7883,15435
5,MSP,349218,348342,697560
5,MSY,80837,80848,161685
5,MTJ,2550,2563,5113
5,OAK,37510,38041,75551
5,OKC,34872,34610,69482
5,OMA,26713,27025,53738
5,ONT,55122,55035,110157
5,ORD,622391,624681,1247072
5,ORF,1098,1101,2199
5,ORH,594,601,1195
5,PBI,82171,82371,164542
5,PDX,164374,166609,330983
5,PHL,255986,255491,511477
5,PHX,209464,209052,418516
5,PIE,4021,4027,8048
5,PIT,99514,100371,199885
5,PSC,5220,5246,10466
5,PSP,9929,9900,19829
5,PVD,80997,82298,163295
5,PWM,25578,25972,51550
5,RDM,59,59,118
5,RDU,14999,14990,29989
5,RFD,1538,1537,3075
5,RIC,3386,3380,6766
5,RNO,17782,17775,35557
5,RSW,75234,74790,150024
5,SAN,61779,63317,125096
5,SAT,75329,77913,153242
5,SAV,12199,12177,24376
5,SBA,5597,5207,10804
5,SDF,1455,1452,2907
5,SEA,272547,267401,539948
5,SFO,79484,80247,159731
5,SHV,684,690,1374
5,SIT,2302,1410,3712
5,SJC,36766,38679,75445
5,SLC,138681,144546,283227
5,SMF,34666,34062,68728
5,SNA,82097,80767,162864
5,SRQ,15593,16839,32432
5,STL,219589,219839,439428
5,SWF,1905,1898,3803
5,TLH,565,570,1135
5,TOL,123,124,247
5,TPA,337820,338083,675903
5,TUL,24880,24808,49688
5,TUS,62558,64004,126562
5,VPS,339,345,684
5,XNA,446,455,901
6,ABI,1,1,2
6,ABQ,23076,23207,46283
6,ADK,150,149,299
6,ALB,11039,11073,22112
6,ANC,149,150,299
6,ASE,537,534,1071
6,ATL,85956,84207,170163
6,AUS,42943,40237,83180
6,BDL,82254,82153,164407
6,BGR,907,947,1854
6,BHM,3288,3278,6566
6,BIL,223,223,446
6,BNA,13427,13460,26887
6,BOI,11794,11789,23583
6,BOS,157865,159014,316879
6,BQN,1086,1068,2154
6,BTR,379,375,754
6,BTV,344,344,688
6,BUF,11332,11369,22701
6,BWI,524,527,1051
6,BZN,912,927,1839
6,CAK,186,184,370
6,CHS,56,52,108
6,CLE,100969,100997,201966
6,CLT,2781,2783,5564
6,CMH,9829,10031,19860
6,COS,14743,14853,29596
6,CVG,38184,38007,76191
6,DAY,1831,1848,3679
6,DCA,67705,66852,134557
6,DEN,235419,237030,472449
6,DFW,549411,546207,1095618
6,DSM,4667,4686,9353
6,DTW,165720,167059,332779
6,EGE,2728,2745,5473
6,ELP,655,659,1314
6,EWR,248148,247500,495648
6,FCA,2946,2953,5899
6,FLL,305608,310391,615999
6,FNT,5880,5893,11773
6,FSD,193,190,383
6,GEG,21627,21623,43250
6,GRR,6105,6136,12241
6,GUC,3,3,6
6,HDN,1260,1254,2514
6,HOU,39473,42630,82103
6,HPN,8435,8444,16879
6,HSV,961,970,1931
6,IAD,53979,53733,107712
6,IAH,263972,264374,528346
6,ICT,104,103,207
6,IND,6304,6310,12614
6,ISP,26519,26522,53041
6,JAC,4740,4907,9647
6,JAN,230,229,459
6,JAX,4666,4660,9326
6,JFK,161811,161619,323430
6,LAS,156090,155464,311554
6,LAX,1089,1088,2177
6,LBB,1,3,4
6,LFT,21,18,39
6,LGA,235055,230323,465378
6,LIT,8190,8116,16306
6,MCI,128374,127252,255626
6,MCO,252017,253363,505380
6,MDW,28667,28565,57232
6,MEM,8566,8517,17083
6,MFE,1,1,2
6,MHT,12553,12588,25141
6,MIA,443394,441933,885327
6,MKE,5525,5522,11047
6,MLB,46,47,93
6,MLI,860,862,1722
6,MSO,6918,6863,13781
6,MSP,249193,248034,497227
6,MSY,69812,69922,139734
6,MTJ,270,274,544
6,MYR,151,153,304
6,OAK,3,1,4
6,OKC,3178,3595,6773
6,OMA,47985,47999,95984
6,ONT,41191,41258,82449
6,ORD,266843,262110,528953
6,ORF,464,473,937
6,PBI,178446,180528,358974
6,PDX,50730,50830,101560
6,PHL,59912,60899,120811
6,PHX,284297,279154,563451
6,PIE,124,124,248
6,PIT,77219,76302,153521
6,PNS,575,583,1158
6,PSE,657,654,1311
6,PSP,12225,12229,24454
6,PVD,36077,36188,72265
6,PWM,9009,9160,18169
6,RDU,60517,60893,121410
6,RIC,20158,21609,41767
6,ROC,6706,6721,13427
6,RSW,91057,90899,181956
6,SAN,106389,111110,217499
6,SAT,91192,97550,188742
6,SAV,50,51,101
6,SDF,472,475,947
6,SEA,169821,170301,340122
6,SGF,297,298,595
6,SJU,82219,82424,164643
6,SLC,76576,74262,150838
6,SRQ,17884,17858,35742
6,STL,90849,90529,181378
6,STT,8896,8922,17818
6,STX,5251,5284,10535
6,SWF,2465,2468,4933
6,SYR,3903,3912,7815
6,TPA,162144,162664,324808
6,TUL,3409,3381,6790
6,TUS,972,980,1952
6,TVC,276,281,557
6,TYS,1188,1184,2372
6,VPS,8,8,16
6,XNA,9168,9102,18270
7,ABQ,22184,22316,44500
7,ALB,58,57,115
7,ASE,14,14,28
7,ATL,22615,22392,45007
7,AUS,25254,25057,50311
7,BFL,1728,1715,3443
7,BIL,350,362,712
7,BOI,449,454,903
7,BOS,72709,73391,146100
7,BUF,1455,1463,2918
7,BUR,15127,15414,30541
7,BWI,77076,77534,154610
7,CAK,2592,2592,5184
7,CLE,24710,24691,49401
7,CLT,19025,19048,38073
7,CVG,8837,8783,17620
7,DAL,2731,2712,5443
7,DCA,38565,38656,77221
7,DEN,61972,62273,124245
7,DFW,493156,494771,987927
7,DSM,146,146,292
7,DTW,4595,4644,9239
7,EGE,1426,1473,2899
7,ELP,18175,18272,36447
7,EWR,72280,71592,143872
7,FAR,139,139,278
7,FAT,8817,8817,17634
7,FCA,129,128,257
7,FLL,29187,28518,57705
7,GTF,23,23,46
7,GUC,601,607,1208
7,HDN,288,311,599
7,HOU,37709,37551,75260
7,IAD,3968,4230,8198
7,IAH,272689,271115,543804
7,ICT,481,481,962
7,JAC,240,242,482
7,JAX,3,4,7
7,JFK,12858,13069,25927
7,LAS,118304,118806,237110
7,LAX,220610,219908,440518
7,LGA,86352,86224,172576
7,LGB,13752,13696,27448
7,LIT,2894,2893,5787
7,MCI,31442,31531,62973
7,MCO,25981,25916,51897
7,MDT,723,734,1457
7,MDW,2641,2591,5232
7,MEM,7099,7156,14255
7,MFE,169,169,338
7,MHT,8400,8403,16803
7,MIA,28752,28735,57487
7,MKE,737,758,1495
7,MLI,167,166,333
7,MSO,225,228,453
7,MSP,167268,167683,334951
7,MSY,9450,9469,18919
7,MTJ,72,72,144
7,OKC,3176,3144,6320
7,OMA,1624,1632,3256
7,ONT,13978,14009,27987
7,ORD,58066,58043,116109
7,ORF,24368,23168,47536
7,PHL,93847,93990,187837
7,PHX,126288,132173,258461
7,PIE,34,34,68
7,PIR,4,3,7
7,PIT,20985,20706,41691
7,PSP,3421,3431,6852
7,PVD,2750,2754,5504
7,PWM,542,540,1082
7,RDU,1088,1101,2189
7,RNO,20507,19018,39525
7,ROC,1015,1030,2045
7,RSW,14677,14692,29369
7,SAN,34531,34641,69172
7,SAT,21713,21606,43319
7,SBA,1666,1675,3341
7,SEA,40663,37961,78624
7,SJU,6616,6627,13243
7,SLC,49783,49782,99565
7,SMF,448,462,910
7,SNA,76691,79144,155835
7,SRQ,334,337,671
7,STL,91789,88109,179898
7,SYR,1018,1027,2045
7,TPA,27858,27872,55730
7,TUL,3982,3943,7925
7,TUS,11234,11280,22514
7,TWF,16,15,31
7,XNA,1878,1846,3724
8,ABQ,13360,13356,26716
8,ANC,107420,107310,214730
8,ATL,134832,132996,267828
8,AUS,27497,27550,55047
8,BDL,21413,21438,42851
8,BFL,2549,2549,5098
8,BHM,3468,3466,6934
8,BMI,125,126,251
8,BNA,29045,28928,57973
8,BOI,9031,9001,18032
8,BOS,87331,87161,174492
8,BQN,6033,6165,12198
8,BWI,39871,39394,79265
8,BZN,224,221,445
8,CLE,1141,1153,2294
8,CLT,12213,12134,24347
8,CMH,591,591,1182
8,CVG,50393,50753,101146
8,DCA,5442,5448,10890
8,DEN,154497,153855,308352
8,DFW,253035,250665,503700
8,DSM,175,175,350
8,DTW,5616,5627,11243
8,EGE,84,83,167
8,EWR,67433,66890,134323
8,FAI,9377,9432,18809
8,FLL,4402,4402,8804
8,GEG,6932,6903,13835
8,HOU,10912,10969,21881
8,IAD,48528,51834,100362
8,IAH,139489,139670,279159
8,ICT,105,106,211
8,IND,29396,29397,58793
8,JAC,343,347,690
8,JAX,330,330,660
8,JFK,71841,71671,143512
8,LAS,142514,142658,285172
8,LAX,68488,66138,134626
8,LGA,50483,50367,100850
8,MCI,21922,21939,43861
8,MCO,32372,31516,63888
8,MDW,50055,50207,100262
8,MEM,6290,6301,12591
8,MIA,13425,13396,26821
8,MKE,16108,16174,32282
8,MSN,166,162,328
8,MSP,192000,197632,389632
8,MSY,13365,13286,26651
8,OAK,37112,38829,75941
8,ONT,15684,14586,30270
8,ORD,186709,187025,373734
8,PBI,23,24,47
8,PDX,33028,33039,66067
8,PHL,63639,63595,127234
8,PHX,222406,221857,444263
8,PIT,2303,2308,4611
8,PSP,2697,2696,5393
8,PVD,1935,1938,3873
8,RDU,2005,2027,4032
8,RNO,16113,16227,32340
8,RSW,7865,7878,15743
8,SAN,38200,39220,77420
8,SAT,14285,14357,28642
8,SBN,1,1,2
8,SDF,4206,4193,8399
8,SEA,113932,113989,227921
8,SFO,108681,105730,214411
8,SJC,71436,72906,144342
8,SJU,128419,126805,255224
8,SLC,85730,88223,173953
8,SMF,44631,44070,88701
8,SNA,26438,26348,52786
8,STL,69635,69488,139123
8,STT,10741,11444,22185
8,STX,234,235,469
8,TPA,18642,18668,37310
8,TUL,432,446,878
8,TUS,30063,28810,58873
9,ABQ,3929,3937,7866
9,ATL,39530,42468,81998
9,AUS,1894,1901,3795
9,BDL,9160,9213,18373
9,BHM,2918,2931,5849
9,BNA,29874,29994,59868
9,BOS,50487,51587,102074
9,BUR,7,7,14
9,BWI,3106,3102,6208
9,BZN,158,164,322
9,CLE,17759,17966,35725
9,CLT,13691,13663,27354
9,CMH,41024,41578,82602
9,COS,994,1004,1998
9,CVG,12221,16619,28840
9,DAY,102,101,203
9,DEN,144176,143039,287215
9,DFW,88575,89745,178320
9,DTW,70659,73022,143681
9,EGE,2132,2144,4276
9,EWR,82387,82595,164982
9,FAT,85,6,91
9,FLL,4523,4543,9066
9,FNT,620,617,1237
9,GRR,205,206,411
9,GUC,16,16,32
9,HDN,329,335,664
9,HOU,2098,2112,4210
9,IAD,1602,879,2481
9,IAH,70410,70183,140593
9,JFK,14928,14902,29830
9,LAS,114488,106084,220572
9,LAX,205156,209734,414890
9,LGA,36080,35529,71609
9,LGB,2485,2472,4957
9,MDW,40476,40417,80893
9,MEM,16908,15175,32083
9,MIA,17013,17103,34116
9,MKE,1739,1740,3479
9,MSY,13368,13422,26790
9,MTJ,199,197,396
9,OAK,9568,9614,19182
9,ONT,12641,12684,25325
9,ORD,409553,402670,812223
9,PBI,141,140,281
9,PDX,85395,84155,169550
9,PHL,3337,3306,6643
9,PHX,104569,102476,207045
9,PIT,2395,2391,4786
9,PSE,1899,1896,3795
9,PSP,8257,8236,16493
9,RNO,7652,7686,15338
9,RSW,1016,1011,2027
9,SAN,73036,73164,146200
9,SDF,2971,2968,5939
9,SEA,159918,162334,322252
9,SFO,64679,64982,129661
9,SJC,20966,20941,41907
9,SJU,58709,58774,117483
9,SLC,1031,1027,2058
9,SMF,39438,40040,79478
9,SNA,45137,46084,91221
9,STL,68977,68807,137784
9,STT,10125,13047,23172
9,STX,2335,348,2683
9,TPA,8106,8129,16235
9,TUS,221,222,443
10,ABQ,712,710,1422
10,ATL,106427,111425,217852
10,BNA,7797,7813,15610
10,BOI,629,624,1253
10,BUF,6198,6180,12378
10,BUR,421,419,840
10,BWI,31201,31338,62539
10,CAK,247,245,492
10,CLE,20380,20593,40973
10,CLT,11978,11920,23898
10,CMH,4133,4144,8277
10,CVG,65740,61972,127712
10,DAY,530,568,1098
10,DCA,9502,9539,19041
10,DTW,80869,77634,158503
10,EGE,369,373,742
10,EWR,11793,11788,23581
10,FCA,46,46,92
10,FLL,4631,4661,9292
10,IAD,21120,21264,42384
10,IAH,37122,37030,74152
10,IND,9842,9884,19726
10,JAC,6,6,12
10,JAX,234,232,466
10,JFK,15286,15227,30513
10,LAS,60266,60186,120452
10,LAX,117559,116242,233801
10,LGA,135,134,269
10,LGB,453,456,909
10,MCO,22058,22032,44090
10,MDW,19329,19242,38571
10,MEM,17633,17678,35311
10,MIA,4430,4441,8871
10,MKE,111,110,221
10,MSY,5574,5598,11172
10,OAK,33723,33232,66955
10,ONT,9503,9538,19041
10,ORD,157907,162042,319949
10,PDX,31307,31321,62628
10,PHL,7971,7999,15970
10,PHX,94793,94431,189224
10,PIE,462,463,925
10,PIT,33662,33554,67216
10,PSP,817,821,1638
10,RDU,9333,9335,18668
10,RNO,3475,3431,6906
10,SAN,51428,48820,100248
10,SDF,2,3,5
10,SEA,71793,77482,149275
10,SFO,117942,116464,234406
10,SJC,49422,47308,96730
10,SJU,5801,5800,11601
10,SLC,65023,65138,130161
10,SMF,1,2,3
10,SNA,21879,22039,43918
10,TPA,11613,11606,23219
10,TUS,326,328,654
11,ANC,14059,14526,28585
11,ATL,98404,105565,203969
11,BDL,241,242,483
11,BOS,12126,12100,24226
11,BWI,17753,17714,35467
11,CLE,30743,30779,61522
11,CLT,27123,26807,53930
11,CVG,18081,18156,36237
11,DCA,2753,2756,5509
11,DFW,16189,16126,32315
11,DTW,23972,20938,44910
11,EWR,36558,35922,72480
11,FAI,321,323,644
11,FLL,7736,7762,15498
11,IAD,12563,12592,25155
11,IAH,4270,4227,8497
11,JAX,288,285,573
11,JFK,24641,24605,49246
11,LAS,89924,89966,179890
11,LAX,64636,67375,132011
11,MCO,8985,8977,17962
11,MDW,962,957,1919
11,MIA,8463,8471,16934
11,MSY,1,1,2
11,OAK,5021,5047,10068
11,ORD,23656,23599,47255
11,ORF,2630,2622,5252
11,PBI,180,180,360
11,PDX,16700,13017,29717
11,PHL,57448,57521,114969
11,PHX,89706,90257,179963
11,PIE,393,393,786
11,PIT,50036,47482,97518
11,RDU,3606,3613,7219
11,ROC,143,142,285
11,SAN,20435,20402,40837
11,SEA,39700,35686,75386
11,SFO,89334,92795,182129
11,SJC,11697,11749,23446
11,SJU,47702,47164,94866
11,SLC,26408,25964,52372
11,SMF,9129,9181,18310
11,SNA,6802,6820,13622
11,STL,2804,2793,5597
11,TPA,10398,10408,20806
11,TUS,1390,1385,2775
12,ALB,3118,3114,6232
12,ANC,4981,4993,9974
12,BDL,5481,5511,10992
12,BOS,27729,27829,55558
12,BUR,278,284,562
12,BWI,21096,23629,44725
12,CLT,23559,24287,47846
12,DCA,6194,6208,12402
12,EWR,30282,30123,60405
12,FLL,11384,11395,22779
12,HNL,40300,40804,81104
12,IAD,102308,104201,206509
12,ISP,2112,2104,4216
12,ITO,240,241,481
12,JFK,35593,35575,71168
12,KOA,7759,7830,15589
12,LAS,92997,93186,186183
12,LAX,153584,149433,303017
12,LGA,27,26,53
12,LGB,8765,8814,17579
12,MCO,27651,27616,55267
12,MHT,2430,2424,4854
12,MIA,33487,33499,66986
12,OAK,1926,1947,3873
12,OGG,16863,16825,33688
12,PDX,5083,5011,10094
12,PHL,19494,19577,39071
12,PHX,21613,21484,43097
12,PIE,171,173,344
12,PIT,18159,15437,33596
12,PVD,6852,6849,13701
12,RDU,480,481,961
12,RNO,15,14,29
12,SAN,26704,26642,53346
12,SEA,39391,39073,78464
12,SFO,95324,96656,191980
12,SJC,1577,1754,3331
12,SMF,3093,3084,6177
12,SNA,385,368,753
13,ANC,18279,18281,36560
13,BDL,1368,1364,2732
13,BOS,14366,14415,28781
13,BUR,5007,5273,10280
13,BWI,10233,11948,22181
13,DEN,3590,3594,7184
13,EWR,163886,166370,330256
13,FAI,1945,1964,3909
13,FLL,703,700,1403
13,HNL,80696,79528,160224
13,IAD,52601,49904,102505
13,JFK,276844,277060,553904
13,KOA,11945,11992,23937
13,LAX,331113,327742,658855
13,LGA,61,62,123
13,LGB,14462,14453,28915
13,LIH,4792,4830,9622
13,MCO,9728,9765,19493
13,MIA,19546,19582,39128
13,MSP,15041,14997,30038
13,OAK,24817,24767,49584
13,OGG,29733,31367,61100
13,ONT,2328,2284,4612
13,PDX,13528,13587,27115
13,PHL,68042,72876,140918
13,PHX,2120,2137,4257
13,SAN,34430,34217,68647
13,SEA,51155,51166,102321
13,SFO,237075,233800,470875
13,SJC,18550,18265,36815
13,SJU,504,506,1010
13,SMF,4858,4872,9730
13,SNA,14441,14119,28560
13,TPA,1,1,2
14,ANC,490,501,991
14,BDL,1339,1359,2698
14,BOS,93510,96510,190020
14,HNL,23169,22981,46150
14,KOA,1656,46,1702
14,LAS,4089,4097,8186
14,LAX,49219,48074,97293
14,LGB,3954,3878,7832
14,LIH,8228,8269,16497
14,MIA,4976,4981,9957
14,OAK,3162,3075,6237
14,OGG,2254,4082,6336
14,ONT,363,363,726
14,PDX,3346,3341,6687
14,SAN,2432,2442,4874
14,SEA,21828,21767,43595
14,SFO,40390,39537,79927
14,SJC,8933,8034,16967
14,SNA,22,23,45
15,ANC,8925,8900,17825
15,DTW,1737,1746,3483
15,HNL,6933,6938,13871
15,KOA,1096,1124,2220
15,LIH,810,827,1637
15,OGG,3229,3259,6488
15,ORD,6474,6472,12946
15,PHX,8217,8135,16352
15,SLC,3917,3933,7850
15,STL,689,693,1382
16,ANC,981,990,1971
16,CVG,254,251,505
16,DFW,736,730,1466
17,ANC,1676,1654,3330
17,DEN,2738,2795,5533
17,EWR,250,251,501
17,HNL,2245,2201,4446
17,IAH,1377,1425,2802
17,KOA,282,274,556
17,LAX,1375,1365,2740
17,OGG,268,263,531
17,SJU,1365,1375,2740
18,ANC,966,972,1938
18,ATL,972,966,1938
18,DEN,44,45,89
18,LIH,45,44,89
19,DFW,16246,16318,32564
19,HNL,13349,13274,26623
19,OGG,2969,2972,5941
20,HNL,11014,11039,22053
20,IAH,7427,7403,14830
20,MSP,4371,4358,8729
20,OGG,747,759,1506
21,HNL,3589,3332,6921
21,OGG,2326,3501,5827
21,ORD,2423,1245,3668
21,STL,4410,4670,9080
22,HNL,10432,9956,20388
22,ORD,9956,11611,21567
23,ATL,5569,5711,11280
23,CVG,1163,1171,2334
23,DTW,389,391,780
23,HNL,7103,6950,14053
23,OGG,170,171,341
25,EWR,3801,3808,7609
25,HNL,3808,3801,7609
